8,8
 2,2  5,3   0,3   3,3  -1,2   2,2  -3,3   0,3
 2,5  5,5   0,6   3,6  -1,5   2,5  -3,6   0,6
 5,3  0,3   3,2  -2,2   0,3  -5,3  -2,2  -7,2
 5,-2 0,-2  3,-3 -2,-3  0,-2 -5,-2 -2,-3 -7,-3
 1,-2 4,-2 -1,-1  2,-1 -4,-2 -1,-2 -6,-1 -2,-1
 1,2  4,2  -1,-1  2,1  -4,2  -1,2  -6,1  -3,1
 6,-1 1,-1  4,-2 -1,-2  3,1  -2,-1  1,-2 -4,-2
-7,6  1,-7  4,-6 -1,-6  3,-7 -1,-7  1,-6 -4,-6
8x8 relative pixel position format
This is 8x8 reorder suggested on Discord Interpretation chat
 19 23 27 31 20 24 28 32
 51 55 59 63 52 56 60 64
 46 42 38 34 45 41 37 33
 14 10  6  2 13  9  5  1
 18 22 26 30 17 21 25 29
 58 62 50 54 57 61 49 53
 47 43 39 35 48 44 40 36
  7  3 15 11  8  4 16 12

