1,512, 1

1	3	5	7	9	11	13	15	17	19	21	23	25	27	29	31	33	35	37	39	41	43
45	47	49	51	53	55	57	59	61	63	65	67	69	71	73	75	77	79	81	83
85	87	89	91	93	95	97	99	101	103	105	107	109	111	113	115	117	119	121	123
125	127	129	131	133	135	137	139	141	143	145	147	149	151	153	155	157	159	161	163
165	167	169	171	173	175	177	179	181	183	185	187	189	191	193	195	197	199	201	203
205	207	209	211	213	215	217	219	221	223	225	227	229	231	233	235	237	239	241	243
245	247	249	251	253	255	2	4	6	8	10	12	14	16	18	20	22	24	26	28	30	32
34	36	38	40	42	44	46	48	50	52	54	56	58	60	62	64	66	68	70	72
74	76	78	80	82	84	86	88	90	92	94	96	98	100	102	104	106	108	110	112
114	116	118	120	122	124	126	128	130	132	134	136	138	140	142	144	146	148	150	152
154	156	158	160	162	164	166	168	170	172	174	176	178	180	182	184	186	188	190	192
194	196	198	200	202	204	206	208	210	212	214	216	218	220	222	224	226	228	230	232
234	236	238	240	242	244	246	248	250	252	254	256	257	259	261	263	265	267	269	271
273	275	277	279	281	283	285	287	289	291	293	295	297	299	301	303	305	307	309	311
313	315	317	319	321	323	325	327	329	331	333	335	337	339	341	343	345	347	349	351
353	355	357	359	361	363	365	367	369	371	373	375	377	379	381	383	385	387	389	391
393	395	397	399	401	403	405	407	409	411	413	415	417	419	421	423	425	427	429	431
433	435	437	439	441	443	445	447	449	451	453	455	457	459	461	463	465	467	469	471
473	475	477	479	481	483	485	487	489	491	493	495	497	499	501	503	505	507	509	511
258	260	262	264	266	268	270	272	274	276	278	280	282	284	286	288	290	292	294	296
298	300	302	304	306	308	310	312	314	316	318	320	322	324	326	328	330	332	334	336
338	340	342	344	346	348	350	352	354	356	358	360	362	364	366	368	370	372	374	376
378	380	382	384	386	388	390	392	394	396	398	400	402	404	406	408	410	412	414	416
418	420	422	424	426	428	430	432	434	436	438	440	442	444	446	448	450	452	454	456
458	460	462	464	466	468	470	472	474	476	478	480	482	484	486	488	490	492	494	496
498	500	502	504	506	508	510	512
Rows 1,3,5,..255 -> rows 1,2,3,...,128
Rows 2,4,6,.,,256 -> rows 129,130,131,... 256
Rows 257, 259,261,...,511 -> rows 257,258,259,...,384
Rows 258, 260,262,...,512 -> rows 384,394,395,...,512


1	5	9	13	17	21	25	29	33	37	41	45	49	53	57	61	65	69	73	77	81
85	89	93	97	101	105	109	113	117	121	125	129	133	137	141	145	149	153	157	161
165	169	173	177	181	185	189	193	197	201	205	209	213	217	221	225	229	233	237	241
245	249	253	257	261	265	269	273	277	281	285	289	293	297	301	305	309	313	317	321
325	329	333	337	341	345	349	353	357	361	365	369	373	377	381	385	389	393	397	401
405	409	413	417	421	425	429	433	437	441	445	449	453	457	461	465	469	473	477	481
485	489	493	497	501	505	509	2	6	10	14	18	22	26	30	34	38	42	46	50	54
58	62	66	70	74	78	82	86	90	94	98	102	106	110	114	118	122	126	130	134
138	142	146	150	154	158	162	166	170	174	178	182	186	190	194	198	202	206	210	214
218	222	226	230	234	238	242	246	250	254	258	262	266	270	274	278	282	286	290	294
298	302	306	310	314	318	322	326	330	334	338	342	346	350	354	358	362	366	370	374
378	382	386	390	394	398	402	406	410	414	418	422	426	430	434	438	442	446	450	454
458	462	466	470	474	478	482	486	490	494	498	502	506	510	3	7	11	15	19	23	27
31	35	39	43	47	51	55	59	63	67	71	75	79	83	87	91	95	99	103	107
111	115	119	123	127	131	135	139	143	147	151	155	159	163	167	171	175	179	183	187
191	195	199	203	207	211	215	219	223	227	231	235	239	243	247	251	255	259	263	267
271	275	279	283	287	291	295	299	303	307	311	315	319	323	327	331	335	339	343	347
351	355	359	363	367	371	375	379	383	387	391	395	399	403	407	411	415	419	423	427
431	435	439	443	447	451	455	459	463	467	471	475	479	483	487	491	495	499	503	507
511	4	8	12	16	20	24	28	32	36	40	44	48	52	56	60	64	68	72	76	80
84	88	92	96	100	104	108	112	116	120	124	128	132	136	140	144	148	152	156	160
164	168	172	176	180	184	188	192	196	200	204	208	212	216	220	224	228	232	236	240
244	248	252	256	260	264	268	272	276	280	284	288	292	296	300	304	308	312	316	320
324	328	332	336	340	344	348	352	356	360	364	368	372	376	380	384	388	392	396	400
404	408	412	416	420	424	428	432	436	440	444	448	452	456	460	464	468	472	476	480
484	488	492	496	500	504	508	512

1	3	5	7	9	11	13	15	17	19	21	23	25	27	29	31	33	35	37	39	41	43
45	47	49	51	53	55	57	59	61	63	65	67	69	71	73	75	77	79	81	83
85	87	89	91	93	95	97	99	101	103	105	107	109	111	113	115	117	119	121	123
125	127	129	131	133	135	137	139	141	143	145	147	149	151	153	155	157	159	161	163
165	167	169	171	173	175	177	179	181	183	185	187	189	191	193	195	197	199	201	203
205	207	209	211	213	215	217	219	221	223	225	227	229	231	233	235	237	239	241	243
245	247	249	251	253	255	257	259	261	263	265	267	269	271	273	275	277	279	281	283
285	287	289	291	293	295	297	299	301	303	305	307	309	311	313	315	317	319	321	323
325	327	329	331	333	335	337	339	341	343	345	347	349	351	353	355	357	359	361	363
365	367	369	371	373	375	377	379	381	383	385	387	389	391	393	395	397	399	401	403
405	407	409	411	413	415	417	419	421	423	425	427	429	431	433	435	437	439	441	443
445	447	449	451	453	455	457	459	461	463	465	467	469	471	473	475	477	479	481	483
485	487	489	491	493	495	497	499	501	503	505	507	509	511	2	4	6	8	10	12	14	16
18	20	22	24	26	28	30	32	34	36	38	40	42	44	46	48	50	52	54	56
58	60	62	64	66	68	70	72	74	76	78	80	82	84	86	88	90	92	94	96
98	100	102	104	106	108	110	112	114	116	118	120	122	124	126	128	130	132	134	136
138	140	142	144	146	148	150	152	154	156	158	160	162	164	166	168	170	172	174	176
178	180	182	184	186	188	190	192	194	196	198	200	202	204	206	208	210	212	214	216
218	220	222	224	226	228	230	232	234	236	238	240	242	244	246	248	250	252	254	256
258	260	262	264	266	268	270	272	274	276	278	280	282	284	286	288	290	292	294	296
298	300	302	304	306	308	310	312	314	316	318	320	322	324	326	328	330	332	334	336
338	340	342	344	346	348	350	352	354	356	358	360	362	364	366	368	370	372	374	376
378	380	382	384	386	388	390	392	394	396	398	400	402	404	406	408	410	412	414	416
418	420	422	424	426	428	430	432	434	436	438	440	442	444	446	448	450	452	454	456
458	460	462	464	466	468	470	472	474	476	478	480	482	484	486	488	490	492	494	496
498	500	502	504	506	508	510	512


1 257 2 258 3 259 4 260 5 261 6 262 7 263 8 264 9 265 10 266 11 267 12 268 13 269 14 270 15 271
 16 272 17 273 18 274 19 275 20 276 21 277 22 278 23 279 24 280 25 281 26 282 27 283 28 284
29 285 30 286 31 287 32 288 33 289 34 290 35 291 36 292 37 293 38 294 39 295 40 296 41 297 
42 298 43 299 44 300 45 301 46 302 47 303 48 304 49 305 50 306 51 307 52 308 53 309 54 310 55
311 56 312 57 313 58 314 59 315 60 316 61 317 62 318 63 319 64 320 65 321 66 322 67 323 68 
324 69 325 70 326 71 327 72 328 73 329 74 330 75 331 76 332 77 333 78 334 79 335 80 336 81 
337 82 338 83 339 84 340 85 341 86 342 87 343 88 344 89 345 90 346 91 347 92 348 93 349 94 
350 95 351 96 352 97 353 98 354 99 355 100 356 101 357 102 358 103 359 104 360 105 361 106 
362 107 363 108 364 109 365 110 366 111 367 112 368 113 369 114 370 115 371 116 372 117 373 
118 374 119 375 120 376 121 377 122 378 123 379 124 380 125 381 126 382 127 383 128 384 
129 385 130 386 131 387 132 388 133 389 134 390 135 391 136 392 137 393 138 394 139 395 140
 396 141 397 142 398 143 399 144 400 145 401 146 402 147 403 148 404 149 405 150 406 151
407 152 408 153 409 154 410 155 411 156 412 157 413 158 414 159 415 160 416 161 417 162 418 
163 419 164 420 165 421 166 422 167 423 168 424 169 425 170 426 171 427 172 428 173 429 
174 430 175 431 176 432 177 433 178 434 179 435 180 436 181 437 182 438 183 439 184 440 185 
441 186 442 187 443 188 444 189 445 190 446 191 447 192 448 193 449 194 450 195 451 196
452 197 453 198 454 199 455 200 456 201 457 202 458 203 459 204 460 205 461 206 462 207 463 
208 464 209 465 210 466 211 467 212 468 213 469 214 470 215 471 216 472 217 473 218 474
219 475 220 476 221 477 222 478 223 479 224 480 225 481 226 482 227 483 228 484 229 485 230 
486 231 487 232 488 233 489 234 490 235 491 236 492 237 493 238 494 239 495 240 496 241
497 242 498 243 499 244 500 245 501 246 502 247 503 248 504 249 505 250 506 251 507 252 508 
253 509 254 510 255 511 256 512
